[0.00276175 0.         0.0035267  0.00380304 0.00234077 0.00189657
 0.00285153 0.00165224 0.0032243  0.00371633 0.00331687 0.00265731
 0.         0.00264786 0.00037602 0.00145741 0.         0.00487225
 0.00324967 0.0035666  0.00299752 0.         0.0027257  0.
 0.         0.         0.00340337 0.00323513 0.00381    0.0023294
 0.00383822 0.00274583 0.00198679 0.0039631  0.00214803 0.00370743
 0.0020625  0.00375896 0.00372646 0.00447696 0.00391447 0.00302679
 0.00573305 0.00154943 0.00180539 0.00383683 0.00375171 0.00372534
 0.00263044 0.00348717 0.00222387 0.00128529 0.         0.00458691
 0.00338641 0.00377146 0.00285451 0.00321784 0.00351815 0.00345779
 0.00401679 0.         0.00264592 0.         0.         0.00102217
 0.00293748 0.         0.00354863 0.00218192 0.00271449 0.00286655
 0.         0.         0.00182852 0.00331951 0.00065271 0.00258853
 0.00345039 0.         0.00416491 0.         0.00263666 0.00554253
 0.00575494 0.00317805 0.00282436 0.00362484 0.00407632 0.00247913
 0.         0.         0.00086083 0.00452049 0.00450173 0.00281374
 0.00302977 0.00230885 0.0046765  0.         0.00556804 0.00236112
 0.00392782 0.00384787 0.00420448 0.00442268 0.0021003  0.00303308
 0.00275509 0.00389543 0.00424266 0.00406406 0.00321793 0.00350055
 0.00330419 0.00305108 0.         0.         0.         0.
 0.         0.00212896 0.00374027 0.00363764 0.00343804 0.00273675
 0.         0.00523613 0.         0.00439419 0.         0.00582187
 0.         0.         0.         0.         0.         0.
 0.00230004 0.         0.00415682 0.         0.         0.
 0.         0.         0.         0.         0.         0.
 0.         0.         0.         0.         0.         0.
 0.         0.         0.         0.00137165 0.         0.
 0.         0.         0.         0.         0.         0.
 0.00439371 0.         0.00323651 0.         0.00534759 0.00617117
 0.00244237 0.00508779 0.00135094 0.00971209 0.         0.
 0.         0.         0.         0.00532135 0.         0.00113346
 0.00186509 0.         0.         0.         0.         0.
 0.         0.00262425 0.         0.         0.         0.
 0.         0.         0.         0.         0.00123962 0.
 0.         0.         0.         0.         0.         0.
 0.00142925 0.         0.00164522 0.         0.00408073 0.
 0.         0.         0.         0.         0.         0.
 0.         0.         0.         0.         0.         0.
 0.         0.         0.0020279  0.         0.         0.
 0.         0.         0.         0.         0.         0.
 0.         0.         0.00605628 0.         0.         0.
 0.00553488 0.         0.01208523 0.00554875 0.         0.
 0.         0.         0.         0.00094524 0.00255375 0.
 0.00078755 0.         0.         0.         0.         0.
 0.         0.         0.         0.         0.         0.
 0.         0.         0.         0.00122442 0.         0.
 0.         0.00158907 0.01370451 0.         0.         0.
 0.00583971 0.0019786  0.00999308 0.00063128 0.         0.00282206
 0.         0.         0.         0.00162355 0.00043615 0.00500147
 0.00368068 0.         0.         0.         0.00184621 0.
 0.         0.         0.         0.         0.         0.
 0.         0.00319368 0.         0.         0.         0.00142357
 0.00217128 0.0015248  0.         0.         0.         0.00216833
 0.00421431 0.         0.00021728 0.00431836 0.         0.00309897
 0.         0.         0.         0.         0.00305319 0.0030722
 0.00299177 0.         0.         0.         0.         0.
 0.0077291  0.         0.0017771  0.         0.         0.
 0.         0.00425747 0.         0.         0.         0.
 0.00423009 0.00352657 0.00327529 0.00642756 0.00351059 0.00288816
 0.0043577  0.00331625 0.00384675 0.00248852 0.00241786 0.00263817
 0.00338713 0.00272467 0.00231359 0.00402765 0.00409064 0.00310499
 0.00423733 0.00342156 0.00287764 0.002845   0.00365039 0.00275746
 0.00376773 0.00334883 0.00380155 0.00327011 0.00302952 0.00230112
 0.00324968 0.00242299 0.00306676 0.00301642 0.00452838 0.00273426
 0.00329813 0.00301562 0.00390058 0.00366788 0.00345338 0.00415157
 0.00447277 0.0036425  0.00413716 0.00361214 0.00510878 0.01139233
 0.         0.00541308 0.0044325  0.00387032 0.00474955 0.
 0.00314181 0.00299391 0.00188599 0.00295049 0.00131396 0.00240314
 0.00280563 0.         0.         0.04452134 0.00445114 0.00747688
 0.00203513 0.00808859 0.00175799 0.00359121 0.00475146 0.0054975
 0.00209677 0.00971891 0.00211796 0.00325951 0.00153379 0.002568
 0.0090665  0.00366416 0.         0.004375   0.00586533 0.00422141
 0.         0.00170965 0.00303954 0.00345569 0.00337128 0.00359569
 0.00506553 0.0032132  0.00338148 0.00302276 0.00132036 0.00146722
 0.00294042 0.00443551 0.00338874 0.00257494 0.00201388 0.00311836
 0.00611753 0.00353459 0.         0.00280061 0.00408179 0.00296326
 0.00538686 0.0009246  0.00394267 0.0034385  0.00245796 0.00234336
 0.00305804 0.00282376 0.0036154  0.00320866 0.00310956 0.00400682
 0.00403976 0.00485903 0.00138013 0.00339763]