[1.15882845e-02 1.06422986e-03 4.18201792e-03 7.41005584e-04
 2.79668508e-03 1.01857498e-03 4.38173005e-03 2.77639332e-03
 5.97111995e-03 2.68154788e-03 6.23266315e-03 5.90696075e-03
 5.81922758e-04 2.67395924e-03 5.55087475e-04 1.33541306e-03
 5.40163632e-04 4.93429386e-03 1.98823632e-03 5.36273943e-03
 4.60527709e-03 6.77870000e-04 3.03135567e-03 5.68124926e-04
 1.14910548e-03 6.90106863e-04 4.47039951e-03 1.66994028e-03
 4.84287301e-03 1.95751607e-03 4.35403277e-03 4.31760359e-03
 1.92264200e-03 6.83063012e-03 1.39878244e-03 5.28100082e-03
 1.64468669e-03 5.70716730e-03 7.32747688e-03 9.31549599e-03
 1.62663815e-03 5.99515023e-03 9.49690997e-04 2.25753730e-03
 1.18980440e-03 3.45238243e-03 6.87198344e-03 7.62917447e-03
 1.79529715e-03 6.56111943e-03 1.53559478e-03 2.59965107e-03
 1.13290727e-03 9.03840055e-03 4.24947851e-03 7.82814915e-03
 8.34236170e-03 6.52275077e-03 7.66182710e-03 6.62529782e-03
 7.81658353e-03 3.86209756e-04 6.83378493e-04 0.00000000e+00
 3.59222758e-04 2.92341372e-04 1.75090603e-03 5.14626448e-04
 1.88270168e-03 1.97466976e-03 5.07381101e-04 2.36622614e-03
 1.34652317e-04 4.42561638e-04 4.07098343e-04 3.03002517e-03
 1.05253218e-03 3.69676757e-03 3.51246930e-03 3.16793528e-04
 3.23465010e-03 3.93329010e-04 9.67936960e-04 8.99524206e-04
 3.73282938e-03 1.22586775e-03 4.83144602e-03 4.43751612e-03
 7.34370015e-04 4.01438407e-03 3.64751834e-04 1.02967284e-03
 9.94002325e-04 4.29707791e-03 1.78610709e-03 5.15872549e-03
 4.97532912e-03 7.07848498e-04 4.22048566e-03 6.74919176e-04
 1.47736317e-03 1.26309726e-03 4.78652859e-03 2.46004277e-03
 5.54754363e-03 5.02379054e-03 1.78653221e-03 6.35704777e-03
 1.62895265e-03 4.77373944e-03 1.63648499e-03 7.16030796e-03
 6.11799001e-03 7.61779219e-03 8.35734621e-03 8.54533859e-03
 1.35423557e-04 3.09309793e-04 1.58174130e-05 1.70097588e-04
 1.57092075e-04 8.76307186e-04 6.46656785e-04 3.89366805e-03
 6.33947526e-03 2.64682905e-03 4.36068531e-04 2.33866259e-03
 1.38740352e-04 7.87242150e-04 1.22941880e-04 4.53955877e-03
 6.30939457e-04 7.66915509e-05 5.19652637e-04 7.94451482e-05
 2.47107166e-04 0.00000000e+00 1.14667737e-03 2.21389500e-04
 1.06542228e-03 8.93348898e-04 1.05026953e-04 2.04349017e-04
 1.85961154e-05 1.82485249e-04 4.96115451e-05 4.20969806e-04
 1.02775282e-04 3.73832350e-04 2.30699433e-04 4.10924401e-05
 1.18499219e-04 0.00000000e+00 2.51642913e-05 0.00000000e+00
 1.98882586e-04 7.01528992e-05 1.12323607e-04 1.15427462e-04
 7.10682041e-05 4.25219442e-05 0.00000000e+00 0.00000000e+00
 0.00000000e+00 4.17177879e-05 1.81558310e-05 1.03672044e-04
 2.55787955e-05 1.68249527e-04 6.81602439e-04 1.33031450e-04
 4.60411106e-04 1.43593241e-04 9.81629267e-04 2.53395429e-04
 1.05670464e-03 8.91793343e-04 1.76379735e-04 3.09159349e-04
 2.64534970e-05 1.33420290e-04 6.36967133e-05 5.18135635e-04
 2.00932267e-04 3.66481117e-04 4.06861479e-04 4.99355178e-05
 2.27828873e-04 8.34426124e-05 8.86916322e-05 5.61170337e-05
 1.77445104e-04 1.33782023e-04 2.14333891e-04 2.50332960e-04
 4.26863702e-05 1.28322958e-04 7.40300697e-05 1.59341161e-04
 1.20276672e-04 1.81220371e-04 8.29254760e-05 1.21011417e-04
 2.02701037e-04 1.39019836e-04 6.54390816e-04 8.34378393e-05
 2.57889003e-04 1.52262224e-04 1.23365464e-03 3.83711387e-04
 1.01397735e-03 6.98344961e-04 2.75471135e-04 3.23485178e-04
 2.19968841e-05 1.95156717e-04 4.51177412e-05 5.81920061e-04
 1.68609496e-04 4.26985669e-04 4.22834485e-04 9.37760127e-05
 1.39078486e-04 2.90414783e-06 1.23563345e-04 2.61471789e-05
 2.55133216e-04 1.96631703e-04 2.79796235e-04 1.85967770e-04
 1.05106014e-04 9.43591652e-05 5.29523457e-05 1.45664462e-04
 7.99580009e-05 1.47007174e-04 1.25933366e-04 2.25344872e-04
 2.06678922e-04 1.98600241e-04 8.52982583e-04 2.05871667e-04
 4.75122413e-04 1.75080658e-04 1.19542910e-03 5.37958553e-04
 1.23375644e-03 8.53403522e-04 1.42178547e-04 4.37552540e-04
 1.02854771e-04 1.93130604e-04 1.43531938e-04 4.88271146e-04
 2.55360801e-04 6.42777302e-04 5.41588608e-04 1.10492843e-04
 6.38294950e-05 1.61670511e-05 1.72023497e-04 7.45468123e-05
 2.64001453e-04 1.36978071e-04 3.20437076e-04 2.77656235e-04
 9.27285701e-05 8.62974670e-05 8.18166723e-05 1.16528030e-04
 7.81623893e-05 1.02983586e-04 1.33059181e-04 2.14313113e-04
 2.37496193e-04 1.44027755e-04 9.08174725e-04 2.72008902e-04
 4.47154784e-04 1.50283879e-04 1.28875974e-03 5.84713515e-04
 1.01191483e-03 9.86283968e-04 1.67843753e-04 4.69568486e-04
 1.68457601e-04 2.50937450e-04 1.21186049e-04 7.53211134e-04
 2.93231681e-04 7.77394384e-04 7.29596758e-04 1.06808292e-04
 2.44180489e-04 2.10591683e-05 6.73812810e-05 8.43927267e-05
 4.42841345e-04 1.80211885e-04 4.16208226e-04 5.58892599e-04
 8.98676754e-05 1.72593375e-04 1.08690271e-04 1.47782041e-04
 3.64960827e-05 3.00626245e-04 1.26008938e-04 4.41407908e-04
 3.10348251e-04 1.52710657e-04 7.63847800e-04 2.89170252e-04
 7.72516979e-04 1.76836254e-04 8.84929885e-04 6.41181501e-04
 1.00441496e-03 8.18570281e-04 9.91143326e-05 5.14387330e-04
 1.56415280e-04 3.88936096e-04 1.11952377e-04 8.65740791e-04
 2.60264650e-04 9.04455040e-04 5.83685867e-04 2.00879659e-04
 2.54513890e-04 1.34949140e-04 1.37221174e-04 3.48502418e-05
 3.62249638e-04 1.48462521e-04 4.71901599e-04 6.38715880e-04
 1.32082369e-04 2.00665803e-04 6.14205161e-06 2.16831178e-04
 6.63132319e-05 3.36383635e-04 1.41649098e-04 4.05320857e-04
 5.30609761e-04 1.71104730e-03 5.56022974e-03 1.39326246e-03
 5.28652557e-03 1.73735374e-03 7.12831717e-03 5.59910657e-03
 8.48048429e-03 7.84911401e-03 1.52708352e-03 5.28661497e-03
 1.19265017e-03 2.45274692e-03 1.17400147e-03 6.83407858e-03
 3.19217973e-03 7.20603189e-03 7.89717800e-03 1.68747626e-03
 6.63377963e-03 1.04761899e-03 3.12569464e-03 1.37931602e-03
 7.45636682e-03 4.02348057e-03 8.21345254e-03 8.51210996e-03
 8.45233246e-03 1.89356200e-03 7.06624228e-03 1.51097965e-03
 5.75399585e-03 2.00018788e-03 7.46698397e-03 6.10108380e-03
 8.84674371e-03 8.49373120e-03 9.21868611e-03 8.59525285e-03
 9.17151564e-03 1.01065943e-02 9.15427030e-03 9.36314403e-03
 9.18866372e-03 9.5652